Input: Grid with 1s (land) and 0s (water)
Output: Number of distinct islands

Example Input (20x20 grid):
[
  [0,0,0,0,0,0,0,0,0,0,0,0,0,0,0,0,0,0,0,0],
  [0,1,1,1,0,0,0,0,0,0,0,0,0,1,1,1,1,0,0,0],
  [0,1,1,1,0,0,0,0,0,0,0,0,0,1,1,1,1,0,0,0],
  [0,1,1,0,0,0,0,0,0,0,0,0,0,1,1,1,1,0,0,0],
  [0,0,0,0,0,0,0,0,0,0,0,0,0,0,0,0,0,0,0,0],
  [0,0,0,0,0,1,0,0,0,0,0,0,0,0,0,0,0,0,0,0],
  [0,0,0,0,1,1,1,0,0,0,0,0,0,0,0,0,0,0,0,0],
  [0,0,0,0,0,1,0,0,0,0,0,0,0,0,0,0,0,0,0,0],
  [0,0,0,0,0,0,0,0,0,0,0,0,0,0,0,0,0,0,0,0],
  [0,0,0,0,0,0,0,0,0,0,0,0,0,0,0,0,0,0,0,0],
  [0,0,0,0,0,0,0,0,0,0,1,1,0,0,0,0,0,0,0,0],
  [0,0,0,0,0,0,0,0,0,0,1,1,0,0,0,0,0,0,0,0],
  [0,0,0,0,0,0,0,0,0,0,0,0,0,0,0,0,0,0,0,0],
  [0,0,0,0,0,0,0,0,0,0,0,0,0,0,0,0,0,0,0,0],
  [0,0,0,0,0,0,0,0,0,0,0,0,0,0,1,1,1,0,0,0],
  [0,0,0,0,0,0,0,0,0,0,0,0,0,0,1,1,1,0,0,0],
  [0,0,0,0,0,0,0,0,0,0,0,0,0,0,1,1,1,0,0,0],
  [0,0,0,0,0,0,0,0,0,0,0,0,0,0,0,0,0,0,0,0],
  [0,0,0,0,0,0,0,0,0,0,0,0,0,0,0,0,0,0,0,0],
  [0,0,0,0,0,0,0,0,0,0,0,0,0,0,0,0,0,0,0,0]
]

Output: 5